759
38
2
2
1
6

3121152
1
0
1
-15
1
0
8230
96
256
0
8231
-6
9830
50
0
0
0
0
0
0
0
0
0
0
0
50
0
0
27
10
0
40
60
0
0
0
16
16
16
0
0
62
56
56
32767
32767
32767
0
10
32767
0
5
-96
-72
-69
-12
0
-96
-72
-60
-3
0
400
50
-5
0
-78
0
250
0
0
16384
512
512
25520
32685
0
0
5
-96
-80
-70
-24
0
-96
-96
-70
-24
0
50
1000

4337664
1
0
1
-11
1
0
8230
96
256
0
8231
-6
9830
50
0
0
0
0
0
0
0
0
0
0
0
50
0
0
27
10
0
40
60
0
0
0
16
16
16
0
0
62
56
56
32767
32767
32767
0
10
32767
0
5
-96
-72
-69
-12
0
-96
-72
-60
-3
0
400
50
-5
0
-78
0
250
0
0
16384
512
512
25520
32685
0
0
5
-96
-80
-70
-24
0
-96
-96
-70
-24
0
50
1000

6057984
1
0
1
-7
1
0
8230
96
256
0
8231
-6
9830
50
0
0
0
0
0
0
0
0
0
0
0
50
0
0
27
10
0
40
60
0
0
0
16
16
16
0
0
62
56
56
32767
32767
32767
0
10
32767
0
5
-96
-72
-69
-12
0
-96
-72
-60
-3
0
400
50
-5
0
-78
0
250
0
0
16384
512
512
25520
32685
0
0
5
-96
-80
-70
-24
0
-96
-96
-70
-24
0
50
1000

8491008
1
0
1
-4
1
0
8230
96
256
0
8231
-6
9830
50
0
0
0
0
0
0
0
0
0
0
0
50
0
0
27
10
0
40
60
0
0
0
16
16
16
0
0
62
56
56
32767
32767
32767
0
10
32767
0
5
-96
-72
-69
-12
0
-96
-72
-60
-3
0
400
50
-5
0
-78
0
250
0
0
16384
512
512
25520
32685
0
0
5
-96
-80
-70
-24
0
-96
-96
-70
-24
0
50
1000

11923456
1
0
1
-1
1
0
8230
96
256
0
8231
-6
9830
50
0
0
0
0
0
0
0
0
0
0
0
50
0
0
27
10
0
40
60
0
0
0
16
16
16
0
0
62
56
56
32767
32767
32767
0
10
32767
0
5
-96
-72
-69
-12
0
-96
-72
-60
-3
0
400
50
-5
0
-78
0
250
0
0
16384
512
512
25520
32685
0
0
5
-96
-80
-70
-24
0
-96
-96
-70
-24
0
50
1000

16777216
1
0
1
4
1
0
8230
96
256
0
8231
-6
9830
50
0
0
0
0
0
0
0
0
0
0
0
50
0
0
27
10
0
40
60
0
0
0
16
16
16
0
0
62
56
56
32767
32767
32767
0
10
32767
0
5
-96
-72
-69
-12
0
-96
-72
-60
-3
0
400
50
-7
0
-78
0
100
0
0
16384
512
512
25520
32685
0
0
5
-96
-80
-70
-24
0
-96
-96
-70
-24
0
50
1000
1
1
1
0
10
800
120
1
64
1
0
0
0
1
1
0
-1
-3
-3
-4
-8
-7
-5
-8
-4
-1
-2
5
25
30
8
-5
15
38
105
16
-172
-41
162
-100
321
3374
320
-99
160
-40
-168
16
101
36
14
-5
7
28
23
4
-2
-1
-4
-8
-4
-7
-7
-3
-2
-2
-1
0
1
0
0
0
0
0
0
0
0
0
0
0
0
0
0
0
0
0
0
0
0
0
0
0
0
0
0
0
0
0
0
0
0
0
0
0
0
0
0
0
0
0
0
0
0
0
0
0
0
0
0
0
0
0
0
0
0
0
0
0
0
0
0
0
0
0
0
0
0
0
0
0
0
0
0
0
0
0
0
0
0
0
0
0
0
0
0
0
0
0
0
0
0
0
0
0
0
0
0
0
0
0
0
0
0
0
0
0
0
0
0
0
0
0
0
0
0
0
0
0
0
0
0
0
0
0
0
0
0
0
0
0
0
